$MeshFormat
2.2 0 8
$EndMeshFormat
$ParametricNodes
183
1 -3.479496489653e-14 11.999999999987 0 0 1
2 -3.626453995496e-14 2.113864638886e-12 0 0 2
3 -3.626453995496e-14 2.113864638886e-12 10 0 3
4 -3.479496489653e-14 11.999999999987 10 0 4
5 170 12 10 0 5
6 170 12 0 0 6
7 170 0 10 0 7
8 170 0 0 0 8
9 163 6 0 0 9
10 3.500018953575 6.000009476782 0 0 10
11 0 9.500009476781999 0 0 11
12 -3.5 5.999990523207 0 0 12
13 1.895357518222e-05 2.499990523207 0 0 13
14 173.00000002677 6 0 0 14
15 163 6 10 0 15
16 3.500018953575 6.000009476782 10 0 16
17 0 9.500009476781999 10 0 17
18 -3.5 5.999990523207 10 0 18
19 1.895357518222e-05 2.499990523207 10 0 19
20 173.00000002677 6 10 0 20
21 -5.196144525382882 8.999997264281616 0 1 1 2.617994404479701
22 -5.196144525382869 3.000002735708364 0 1 1 3.66519090269989
23 -5.196144525382882 8.999997264281616 10 1 3 2.617994404479701
24 -5.196144525382869 3.000002735708364 10 1 3 3.66519090269989
25 16.99999999999995 11.99999999998829 10 1 5 16.99999999999999
26 33.99999999999996 11.99999999998957 10 1 5 33.99999999999999
27 50.99999999999996 11.99999999999086 10 1 5 50.99999999999999
28 67.99999999999997 11.99999999999214 10 1 5 68
29 84.99999999999997 11.99999999999343 10 1 5 85
30 102 11.99999999999471 10 1 5 102
31 119 11.999999999996 10 1 5 119
32 136 11.99999999999728 10 1 5 136
33 153 11.99999999999857 10 1 5 153
34 16.99999999999995 11.99999999998829 0 1 7 16.99999999999999
35 33.99999999999996 11.99999999998957 0 1 7 33.99999999999999
36 50.99999999999996 11.99999999999086 0 1 7 50.99999999999999
37 67.99999999999997 11.99999999999214 0 1 7 68
38 84.99999999999997 11.99999999999343 0 1 7 85
39 102 11.99999999999471 0 1 7 102
40 119 11.999999999996 0 1 7 119
41 136 11.99999999999728 0 1 7 136
42 153 11.99999999999857 0 1 7 153
43 16.99999999999995 1.9024781749974e-12 10 1 8 16.99999999999999
44 33.99999999999996 1.6910917111088e-12 10 1 8 33.99999999999999
45 50.99999999999996 1.4797052472202e-12 10 1 8 50.99999999999999
46 67.99999999999996 1.2683187833316e-12 10 1 8 68
47 84.99999999999996 1.056932319443e-12 10 1 8 85
48 102 8.455458555543999e-13 10 1 8 102
49 119 6.341593916657998e-13 10 1 8 119
50 136 4.227729277771998e-13 10 1 8 136
51 153 2.113864638885995e-13 10 1 8 153
52 16.99999999999995 1.9024781749974e-12 0 1 10 16.99999999999999
53 33.99999999999996 1.6910917111088e-12 0 1 10 33.99999999999999
54 50.99999999999996 1.4797052472202e-12 0 1 10 50.99999999999999
55 67.99999999999996 1.2683187833316e-12 0 1 10 68
56 84.99999999999996 1.056932319443e-12 0 1 10 85
57 102 8.455458555543999e-13 0 1 10 102
58 119 6.341593916657998e-13 0 1 10 119
59 136 4.227729277771998e-13 0 1 10 136
60 153 2.113864638885995e-13 0 1 10 153
61 175.196152445015 2.999999992272166 0 1 11 5.759586530094065
62 175.196152445015 9.000000007727841 0 1 11 6.806784084265109
63 161.8704694055762 8.345494447404089 0 1 12 0.8975979010256557
64 159.3324371981311 8.92478373654547 0 1 12 1.795195802051312
65 157.2970933962928 7.301651217352673 0 1 12 2.692793703076966
66 157.2970933962928 4.698348782647325 0 1 12 3.590391604102621
67 159.3324371981311 3.075216263454529 0 1 12 4.487989505128276
68 161.8704694055762 3.654505552595907 0 1 12 5.385587406153929
69 171.8704694323462 8.345494447404089 0 1 17 0.8975979010256557
70 169.3324372249011 8.92478373654547 0 1 17 1.795195802051312
71 167.2970934230628 7.301651217352673 0 1 17 2.692793703076966
72 167.2970934230628 4.698348782647325 0 1 17 3.590391604102621
73 169.3324372249011 3.075216263454529 0 1 17 4.487989505128276
74 171.8704694323462 3.654505552595907 0 1 17 5.385587406153929
75 175.196152445015 2.999999992272166 10 1 18 5.759586530094065
76 175.196152445015 9.000000007727841 10 1 18 6.806784084265109
77 161.8704694055762 8.345494447404089 10 1 19 0.8975979010256557
78 159.3324371981311 8.92478373654547 10 1 19 1.795195802051312
79 157.2970933962928 7.301651217352673 10 1 19 2.692793703076966
80 157.2970933962928 4.698348782647325 10 1 19 3.590391604102621
81 159.3324371981311 3.075216263454529 10 1 19 4.487989505128276
82 161.8704694055762 3.654505552595907 10 1 19 5.385587406153929
83 171.8704694323462 8.345494447404089 10 1 24 0.8975979010256557
84 169.3324372249011 8.92478373654547 10 1 24 1.795195802051312
85 167.2970934230628 7.301651217352673 10 1 24 2.692793703076966
86 167.2970934230628 4.698348782647325 10 1 24 3.590391604102621
87 169.3324372249011 3.075216263454529 10 1 24 4.487989505128276
88 171.8704694323462 3.654505552595907 10 1 24 5.385587406153929
89 -4.396091820940294 10.08341687561702 4.982708645165336 2 1 3.890132259294667 -4.982708645165336
90 -5.964313293687839 5.346659438275779 5.022221701995352 2 1 3.032486217712705 -5.022221701995352
91 -4.270119245633485 1.785026608150866 5.042181705521466 2 1 2.362694654011473 -5.042181705521466
92 144.5 11.99999999999793 5 2 2 144.5 -5
93 110.5 11.99999999999535 5 2 2 110.5 -5
94 25.49999999999995 11.99999999998893 5 2 2 25.49999999999999 -5
95 59.49999999999996 11.9999999999915 4.999999999999998 2 2 59.5 -4.999999999999998
96 161.5 11.99999999999921 5 2 2 161.5 -5
97 42.49999999999995 11.99999999999021 5 2 2 42.49999999999999 -5
98 76.49999999999997 11.99999999999278 5 2 2 76.5 -5
99 93.49999999999997 11.99999999999407 5 2 2 93.5 -5
100 8.499999999999957 11.99999999998764 5 2 2 8.499999999999993 -5
101 127.5 11.99999999999664 5 2 2 127.5 -5
102 144.5 3.170796958328999e-13 5 2 3 144.5 -5
103 110.5 7.398526236100999e-13 5 2 3 110.5 -5
104 25.49999999999995 1.7967849430531e-12 4.999999999999998 2 3 25.49999999999999 -4.999999999999998
105 161.5 1.056932319442996e-13 5 2 3 161.5 -5
106 42.49999999999995 1.5853984791645e-12 5 2 3 42.49999999999999 -5
107 59.49999999999996 1.3740120152759e-12 5 2 3 59.49999999999999 -5
108 76.49999999999996 1.1626255513873e-12 5 2 3 76.5 -5
109 93.49999999999996 9.512390874987e-13 5 2 3 93.5 -5
110 127.5 5.284661597215e-13 5 2 3 127.5 -5
111 8.499999999999957 2.0081714069417e-12 5 2 3 8.499999999999993 -5
112 144.5000000000003 5.999999999999292 0 2 4 -59.49999587443527 2.292174872325833e-12
113 164.9525912706564 5.999999999999999 0 2 4 -79.9525871450914 2.999415808826838e-12
114 25.49999999999998 5.999999999995229 0 2 4 59.50000412556502 -1.771014174314401e-12
115 42.49999999999999 5.999999999995765 0 2 4 42.50000412556501 -1.234568000990883e-12
116 59.49999999999999 5.999999999996297 0 2 4 25.50000412556501 -7.024403710490075e-13
117 76.5 5.999999999996836 0 2 4 8.500004125565003 -1.630169898025111e-13
118 93.5 5.999999999997375 0 2 4 -8.499995874434999 3.746209691664466e-13
119 110.5 5.999999999997911 0 2 4 -25.499995874435 9.109040076789836e-13
120 127.5 5.999999999998451 0 2 4 -42.499995874435 1.450862106192902e-12
121 10.52041754459069 6.000000493372171 0 2 4 74.47958658097431 4.93375170626717e-07
122 144.5000000000003 5.999999999999297 10 2 5 -59.49999587443527 2.296450040171095e-12
123 164.9525912706564 5.999999999999999 10 2 5 -79.9525871450914 2.999415808826838e-12
124 25.49999999999998 5.999999999995229 10 2 5 59.50000412556502 -1.771014174314401e-12
125 42.49999999999999 5.999999999995765 10 2 5 42.50000412556501 -1.234568000990883e-12
126 59.5 5.999999999996295 10 2 5 25.500004125565 -7.043753335702436e-13
127 76.5 5.999999999996836 10 2 5 8.500004125565003 -1.630169898025111e-13
128 93.5 5.999999999997375 10 2 5 -8.499995874434999 3.746209691664466e-13
129 110.5 5.999999999997911 10 2 5 -25.499995874435 9.109040076789836e-13
130 127.5 5.999999999998452 10 2 5 -42.49999587443501 1.451795602231317e-12
131 10.52041754459069 6.000000493372171 10 2 5 74.47958658097431 4.93375170626717e-07
132 174.3960980709221 10.08342037833505 5.017291432423486 2 6 -0.7485404024823112 -5.017291432423486
133 174.396098070922 1.916579621664839 5.017291432423328 2 6 0.7485404024823366 -5.017291432423328
134 176.00000002677 5.999999999999938 4.986704350307767 2 6 1.038583546606369e-14 -4.986704350307767
135 159.9103679859153 3.001339281937497 2.230932472166256 2 7 4.682507195542483 3.230932472166256
136 160.6432632564769 8.930223947562153 2.246282378488777 2 7 1.354697235480006 3.246282378488777
137 157.0125621296405 5.725746521002552 7.713530003868737 2 7 3.233138294318035 8.713530003868737
138 160.6675628018689 3.075216263454525 7.76513463743639 2 7 4.936788455641097 8.76513463743639
139 160.7554654546493 8.903320848068905 7.76887544147408 2 7 1.316234047506559 8.76887544147408
140 157.0043151643159 6.160848889497306 2.452933261225763 2 7 3.087950635276524 3.452933261225763
141 158.1295305944238 8.345494447404095 2.234865362563562 2 7 2.243994752564135 3.234865362563562
142 159.436403458219 8.946584283215484 4.477278894044682 2 7 1.75978483970348 5.477278894044682
143 161.1452373645366 8.772802080724361 5.081258364865972 2 7 1.179111930789678 6.081258364865972
144 158.0648057613621 8.292383750322497 6.901472345300196 2 7 2.271904339156992 7.901472345300196
145 157.0056942438265 6.184751288347793 5.235954144383365 2 7 3.079969897538295 6.235954144383365
146 157.6303073272692 4.160283544454171 6.027985442578172 2 7 3.80174705238703 7.027985442578172
147 158.0579819375232 3.713394252387666 2.238970573664378 2 7 4.00830047689438 3.238970573664378
148 159.0214854861483 3.164068169687144 4.265581322585824 2 7 4.380138236736104 5.265581322585824
149 160.8806941067815 3.132182381970525 4.422298866943455 2 7 5.0103426992297 5.422298866943455
150 162.1849333937646 8.055739785287113 2.843125059131145 2 7 0.7549422297649458 3.843125059131145
151 158.2308949580787 3.577136539000059 8.02205384031115 2 7 4.081699569760692 9.02205384031115
152 157.3658229997335 4.564342822514046 3.953135100752888 2 7 3.640597978986725 4.953135100752888
153 158.9954370727808 3.173190256622018 6.228276182911452 2 7 4.37093837150984 7.228276182911452
154 157.7162792334917 7.945409843868042 4.077240016929403 2 7 2.436019888194758 5.077240016929403
155 1.750009476787543 7.750009476782043 5 2 8 2.474880435262693 -5
156 1.75001895357518 4.249999999994412 5 2 9 2.474880435262629 -5
157 -1.750000000000043 7.749999999994541 5 2 10 2.474880435262694 -5
158 -1.749990523212497 4.249990523206911 5 2 11 2.474880435262758 -5
159 169.9118015949012 3.001296774167892 7.765134637436208 2 12 1.600200040870685 -7.765134637436208
160 170.7554654814141 8.903320848070248 7.768875441476826 2 12 4.966951259671251 -7.768875441476826
161 167.00000002677 6 2.234865362563703 2 12 3.141592653589793 -2.234865362563703
162 170.6675628286389 3.075216263454529 2.234865362563611 2 12 1.346396851538483 -2.234865362563611
163 169.9118015948951 8.998703225831928 2.234865362563198 2 12 4.682985266306869 -2.234865362563198
164 167.00000002677 6 7.765134637436378 2 12 3.141592653589793 -7.765134637436378
165 168.1295306211938 3.654505552595896 7.765134637436439 2 12 2.24399475256413 -7.765134637436439
166 168.9234274427628 3.199822957139316 5.790630154478201 2 12 1.937839932044034 -5.790630154478201
167 170.8718976089 3.129495757488626 5.598061471367037 2 12 1.2759084930553 -5.598061471367037
168 168.14867141073 3.639368229598005 2.167496859520266 2 12 2.235860383400231 -2.167496859520266
169 167.3867000405539 4.52668293227738 4.18657284991106 2 12 2.628234051833667 -4.18657284991106
170 167.1557031739168 6.953926314161265 4.74824255877584 2 12 3.465185983079119 -4.74824255877584
171 167.9322926175981 8.173611296910162 2.273694747811427 2 12 3.951955195681875 -2.273694747811427
172 169.1820652757775 8.886344183065971 4.620983294197448 2 12 4.436247949317647 -4.620983294197448
173 171.2244285607036 8.738754236014831 4.179114826190846 2 12 5.132807808544059 -4.179114826190846
174 168.0842214814401 8.308634350704642 7.208017375322167 2 12 4.019720655776863 -7.208017375322167
175 167.3838779485625 4.53169986994647 6.167050721097574 2 12 2.630152786281991 -6.167050721097574
176 168.8940590242376 3.21129160740717 3.843071815977311 2 12 1.948349415036264 -3.843071815977311
177 164.9583226203088 3.317816510766328 6.864274477499652 3 1
178 166.1305559236641 1.862652565264017 4.229865320603725 3 1
179 151.059857525878 4.593851948497308 3.860950757837989 3 1
180 152.0485315281371 8.571973006115254 4.764923890285154 3 1
181 149.099315793897 5.955832531987857 6.893896074676567 3 1
182 154.3540696590479 4.171748045005729 6.733816966553502 3 1
183 154.6929279700784 1.821759560365834 4.678396375404944 3 1
$EndParametricNodes
$Elements
940
1 15 2 0 1 1
2 15 2 0 2 2
3 15 2 0 3 3
4 15 2 0 4 4
5 15 2 0 5 5
6 15 2 0 6 6
7 15 2 0 7 7
8 15 2 0 8 8
9 15 2 0 9 9
10 15 2 0 10 10
11 15 2 0 11 11
12 15 2 0 12 12
13 15 2 0 13 13
14 15 2 0 14 14
15 15 2 0 15 15
16 15 2 0 16 16
17 15 2 0 17 17
18 15 2 0 18 18
19 15 2 0 19 19
20 15 2 0 20 20
21 1 2 0 1 1 21
22 1 2 0 1 21 22
23 1 2 0 1 22 2
24 1 2 0 2 2 3
25 1 2 0 3 4 23
26 1 2 0 3 23 24
27 1 2 0 3 24 3
28 1 2 0 4 1 4
29 1 2 0 5 4 25
30 1 2 0 5 25 26
31 1 2 0 5 26 27
32 1 2 0 5 27 28
33 1 2 0 5 28 29
34 1 2 0 5 29 30
35 1 2 0 5 30 31
36 1 2 0 5 31 32
37 1 2 0 5 32 33
38 1 2 0 5 33 5
39 1 2 0 6 6 5
40 1 2 0 7 1 34
41 1 2 0 7 34 35
42 1 2 0 7 35 36
43 1 2 0 7 36 37
44 1 2 0 7 37 38
45 1 2 0 7 38 39
46 1 2 0 7 39 40
47 1 2 0 7 40 41
48 1 2 0 7 41 42
49 1 2 0 7 42 6
50 1 2 0 8 3 43
51 1 2 0 8 43 44
52 1 2 0 8 44 45
53 1 2 0 8 45 46
54 1 2 0 8 46 47
55 1 2 0 8 47 48
56 1 2 0 8 48 49
57 1 2 0 8 49 50
58 1 2 0 8 50 51
59 1 2 0 8 51 7
60 1 2 0 9 8 7
61 1 2 0 10 2 52
62 1 2 0 10 52 53
63 1 2 0 10 53 54
64 1 2 0 10 54 55
65 1 2 0 10 55 56
66 1 2 0 10 56 57
67 1 2 0 10 57 58
68 1 2 0 10 58 59
69 1 2 0 10 59 60
70 1 2 0 10 60 8
71 1 2 0 11 8 61
72 1 2 0 11 61 62
73 1 2 0 11 62 6
74 1 2 0 12 9 63
75 1 2 0 12 63 64
76 1 2 0 12 64 65
77 1 2 0 12 65 66
78 1 2 0 12 66 67
79 1 2 0 12 67 68
80 1 2 0 12 68 9
81 1 2 0 13 10 11
82 1 2 0 14 11 12
83 1 2 0 15 12 13
84 1 2 0 16 13 10
85 1 2 0 17 14 69
86 1 2 0 17 69 70
87 1 2 0 17 70 71
88 1 2 0 17 71 72
89 1 2 0 17 72 73
90 1 2 0 17 73 74
91 1 2 0 17 74 14
92 1 2 0 18 7 75
93 1 2 0 18 75 76
94 1 2 0 18 76 5
95 1 2 0 19 15 77
96 1 2 0 19 77 78
97 1 2 0 19 78 79
98 1 2 0 19 79 80
99 1 2 0 19 80 81
100 1 2 0 19 81 82
101 1 2 0 19 82 15
102 1 2 0 20 16 17
103 1 2 0 21 17 18
104 1 2 0 22 18 19
105 1 2 0 23 19 16
106 1 2 0 24 20 83
107 1 2 0 24 83 84
108 1 2 0 24 84 85
109 1 2 0 24 85 86
110 1 2 0 24 86 87
111 1 2 0 24 87 88
112 1 2 0 24 88 20
113 1 2 0 25 9 15
114 1 2 0 26 10 16
115 1 2 0 27 11 17
116 1 2 0 28 13 19
117 1 2 0 29 12 18
118 1 2 0 30 14 20
119 2 2 0 1 1 89 4
120 2 2 0 1 21 89 1
121 2 2 0 1 3 91 2
122 2 2 0 1 2 91 22
123 2 2 0 1 24 91 3
124 2 2 0 1 4 89 23
125 2 2 0 1 22 90 21
126 2 2 0 1 21 90 89
127 2 2 0 1 22 91 90
128 2 2 0 1 23 90 24
129 2 2 0 1 89 90 23
130 2 2 0 1 90 91 24
131 2 2 0 2 4 100 1
132 2 2 0 2 1 100 34
133 2 2 0 2 25 100 4
134 2 2 0 2 6 96 5
135 2 2 0 2 5 96 33
136 2 2 0 2 42 96 6
137 2 2 0 2 26 94 25
138 2 2 0 2 25 94 34
139 2 2 0 2 34 100 25
140 2 2 0 2 27 97 26
141 2 2 0 2 35 94 26
142 2 2 0 2 26 97 35
143 2 2 0 2 28 95 27
144 2 2 0 2 27 95 36
145 2 2 0 2 36 97 27
146 2 2 0 2 29 98 28
147 2 2 0 2 37 95 28
148 2 2 0 2 28 98 37
149 2 2 0 2 30 99 29
150 2 2 0 2 38 98 29
151 2 2 0 2 29 99 38
152 2 2 0 2 31 93 30
153 2 2 0 2 30 93 39
154 2 2 0 2 39 99 30
155 2 2 0 2 32 101 31
156 2 2 0 2 40 93 31
157 2 2 0 2 31 101 40
158 2 2 0 2 33 92 32
159 2 2 0 2 32 92 41
160 2 2 0 2 41 101 32
161 2 2 0 2 42 92 33
162 2 2 0 2 33 96 42
163 2 2 0 2 34 94 35
164 2 2 0 2 35 97 36
165 2 2 0 2 36 95 37
166 2 2 0 2 37 98 38
167 2 2 0 2 38 99 39
168 2 2 0 2 39 93 40
169 2 2 0 2 40 101 41
170 2 2 0 2 41 92 42
171 2 2 0 3 3 2 111
172 2 2 0 3 2 52 111
173 2 2 0 3 43 3 111
174 2 2 0 3 8 7 105
175 2 2 0 3 7 51 105
176 2 2 0 3 60 8 105
177 2 2 0 3 44 43 104
178 2 2 0 3 43 52 104
179 2 2 0 3 52 43 111
180 2 2 0 3 45 44 106
181 2 2 0 3 53 44 104
182 2 2 0 3 44 53 106
183 2 2 0 3 46 45 107
184 2 2 0 3 54 45 106
185 2 2 0 3 45 54 107
186 2 2 0 3 47 46 108
187 2 2 0 3 55 46 107
188 2 2 0 3 46 55 108
189 2 2 0 3 48 47 109
190 2 2 0 3 56 47 108
191 2 2 0 3 47 56 109
192 2 2 0 3 49 48 103
193 2 2 0 3 48 57 103
194 2 2 0 3 57 48 109
195 2 2 0 3 50 49 110
196 2 2 0 3 58 49 103
197 2 2 0 3 49 58 110
198 2 2 0 3 51 50 102
199 2 2 0 3 50 59 102
200 2 2 0 3 59 50 110
201 2 2 0 3 60 51 102
202 2 2 0 3 51 60 105
203 2 2 0 3 52 53 104
204 2 2 0 3 53 54 106
205 2 2 0 3 54 55 107
206 2 2 0 3 55 56 108
207 2 2 0 3 56 57 109
208 2 2 0 3 57 58 103
209 2 2 0 3 58 59 110
210 2 2 0 3 59 60 102
211 2 2 0 4 11 1 10
212 2 2 0 4 1 121 10
213 2 2 0 4 21 1 11
214 2 2 0 4 34 121 1
215 2 2 0 4 10 2 13
216 2 2 0 4 10 121 2
217 2 2 0 4 13 2 22
218 2 2 0 4 2 121 52
219 2 2 0 4 64 42 6
220 2 2 0 4 6 62 69
221 2 2 0 4 6 63 64
222 2 2 0 4 71 63 6
223 2 2 0 4 70 6 69
224 2 2 0 4 71 6 70
225 2 2 0 4 8 60 67
226 2 2 0 4 74 61 8
227 2 2 0 4 68 8 67
228 2 2 0 4 72 8 68
229 2 2 0 4 73 8 72
230 2 2 0 4 74 8 73
231 2 2 0 4 63 113 9
232 2 2 0 4 9 113 68
233 2 2 0 4 12 21 11
234 2 2 0 4 13 22 12
235 2 2 0 4 22 21 12
236 2 2 0 4 14 62 61
237 2 2 0 4 14 61 74
238 2 2 0 4 69 62 14
239 2 2 0 4 35 114 34
240 2 2 0 4 34 114 52
241 2 2 0 4 52 121 34
242 2 2 0 4 36 115 35
243 2 2 0 4 53 114 35
244 2 2 0 4 35 115 53
245 2 2 0 4 37 116 36
246 2 2 0 4 54 115 36
247 2 2 0 4 36 116 54
248 2 2 0 4 38 117 37
249 2 2 0 4 55 116 37
250 2 2 0 4 37 117 55
251 2 2 0 4 39 118 38
252 2 2 0 4 56 117 38
253 2 2 0 4 38 118 56
254 2 2 0 4 40 119 39
255 2 2 0 4 57 118 39
256 2 2 0 4 39 119 57
257 2 2 0 4 41 120 40
258 2 2 0 4 58 119 40
259 2 2 0 4 40 120 58
260 2 2 0 4 42 112 41
261 2 2 0 4 41 112 59
262 2 2 0 4 59 120 41
263 2 2 0 4 60 42 66
264 2 2 0 4 60 112 42
265 2 2 0 4 65 42 64
266 2 2 0 4 66 42 65
267 2 2 0 4 52 114 53
268 2 2 0 4 53 115 54
269 2 2 0 4 54 116 55
270 2 2 0 4 55 117 56
271 2 2 0 4 56 118 57
272 2 2 0 4 57 119 58
273 2 2 0 4 58 120 59
274 2 2 0 4 59 112 60
275 2 2 0 4 67 60 66
276 2 2 0 4 71 113 63
277 2 2 0 4 68 113 72
278 2 2 0 4 72 113 71
279 2 2 0 5 3 16 19
280 2 2 0 5 16 3 131
281 2 2 0 5 24 3 19
282 2 2 0 5 3 43 131
283 2 2 0 5 16 4 17
284 2 2 0 5 4 16 131
285 2 2 0 5 4 23 17
286 2 2 0 5 25 4 131
287 2 2 0 5 5 33 78
288 2 2 0 5 5 83 76
289 2 2 0 5 77 5 78
290 2 2 0 5 85 5 77
291 2 2 0 5 5 84 83
292 2 2 0 5 85 84 5
293 2 2 0 5 7 81 51
294 2 2 0 5 88 7 75
295 2 2 0 5 82 81 7
296 2 2 0 5 86 82 7
297 2 2 0 5 87 86 7
298 2 2 0 5 88 87 7
299 2 2 0 5 77 15 123
300 2 2 0 5 15 82 123
301 2 2 0 5 17 23 18
302 2 2 0 5 18 24 19
303 2 2 0 5 23 24 18
304 2 2 0 5 20 75 76
305 2 2 0 5 20 88 75
306 2 2 0 5 83 20 76
307 2 2 0 5 26 25 124
308 2 2 0 5 25 43 124
309 2 2 0 5 43 25 131
310 2 2 0 5 27 26 125
311 2 2 0 5 44 26 124
312 2 2 0 5 26 44 125
313 2 2 0 5 28 27 126
314 2 2 0 5 45 27 125
315 2 2 0 5 27 45 126
316 2 2 0 5 29 28 127
317 2 2 0 5 46 28 126
318 2 2 0 5 28 46 127
319 2 2 0 5 30 29 128
320 2 2 0 5 47 29 127
321 2 2 0 5 29 47 128
322 2 2 0 5 31 30 129
323 2 2 0 5 48 30 128
324 2 2 0 5 30 48 129
325 2 2 0 5 32 31 130
326 2 2 0 5 49 31 129
327 2 2 0 5 31 49 130
328 2 2 0 5 33 32 122
329 2 2 0 5 32 50 122
330 2 2 0 5 50 32 130
331 2 2 0 5 80 33 51
332 2 2 0 5 51 33 122
333 2 2 0 5 33 79 78
334 2 2 0 5 80 79 33
335 2 2 0 5 43 44 124
336 2 2 0 5 44 45 125
337 2 2 0 5 45 46 126
338 2 2 0 5 46 47 127
339 2 2 0 5 47 48 128
340 2 2 0 5 48 49 129
341 2 2 0 5 49 50 130
342 2 2 0 5 50 51 122
343 2 2 0 5 81 80 51
344 2 2 0 5 85 77 123
345 2 2 0 5 82 86 123
346 2 2 0 5 86 85 123
347 2 2 0 6 5 132 6
348 2 2 0 6 76 132 5
349 2 2 0 6 6 132 62
350 2 2 0 6 8 133 7
351 2 2 0 6 7 133 75
352 2 2 0 6 61 133 8
353 2 2 0 6 62 134 61
354 2 2 0 6 61 134 133
355 2 2 0 6 132 134 62
356 2 2 0 6 75 134 76
357 2 2 0 6 133 134 75
358 2 2 0 6 76 134 132
359 2 2 0 7 15 9 149
360 2 2 0 7 9 15 150
361 2 2 0 7 63 9 150
362 2 2 0 7 9 68 149
363 2 2 0 7 15 77 139
364 2 2 0 7 82 15 138
365 2 2 0 7 138 15 149
366 2 2 0 7 15 139 143
367 2 2 0 7 15 143 150
368 2 2 0 7 64 63 136
369 2 2 0 7 136 63 150
370 2 2 0 7 65 64 141
371 2 2 0 7 64 136 141
372 2 2 0 7 66 65 140
373 2 2 0 7 140 65 141
374 2 2 0 7 67 66 147
375 2 2 0 7 66 140 147
376 2 2 0 7 68 67 135
377 2 2 0 7 135 67 147
378 2 2 0 7 68 135 149
379 2 2 0 7 77 78 139
380 2 2 0 7 78 79 144
381 2 2 0 7 139 78 144
382 2 2 0 7 79 80 137
383 2 2 0 7 79 137 144
384 2 2 0 7 80 81 151
385 2 2 0 7 137 80 151
386 2 2 0 7 81 82 138
387 2 2 0 7 81 138 151
388 2 2 0 7 135 147 148
389 2 2 0 7 135 148 149
390 2 2 0 7 141 136 142
391 2 2 0 7 142 136 143
392 2 2 0 7 143 136 150
393 2 2 0 7 144 137 145
394 2 2 0 7 145 137 146
395 2 2 0 7 146 137 151
396 2 2 0 7 138 149 153
397 2 2 0 7 151 138 153
398 2 2 0 7 139 142 143
399 2 2 0 7 142 139 144
400 2 2 0 7 140 141 154
401 2 2 0 7 140 145 152
402 2 2 0 7 145 140 154
403 2 2 0 7 147 140 152
404 2 2 0 7 141 142 154
405 2 2 0 7 142 144 154
406 2 2 0 7 144 145 154
407 2 2 0 7 145 146 152
408 2 2 0 7 146 148 152
409 2 2 0 7 148 146 153
410 2 2 0 7 146 151 153
411 2 2 0 7 148 147 152
412 2 2 0 7 149 148 153
413 2 2 0 8 10 155 11
414 2 2 0 8 16 155 10
415 2 2 0 8 11 155 17
416 2 2 0 8 17 155 16
417 2 2 0 9 13 156 10
418 2 2 0 9 10 156 16
419 2 2 0 9 19 156 13
420 2 2 0 9 16 156 19
421 2 2 0 10 11 157 12
422 2 2 0 10 17 157 11
423 2 2 0 10 12 157 18
424 2 2 0 10 18 157 17
425 2 2 0 11 12 158 13
426 2 2 0 11 18 158 12
427 2 2 0 11 13 158 19
428 2 2 0 11 19 158 18
429 2 2 0 12 20 14 167
430 2 2 0 12 14 20 173
431 2 2 0 12 69 14 173
432 2 2 0 12 14 74 162
433 2 2 0 12 14 162 167
434 2 2 0 12 20 83 160
435 2 2 0 12 88 20 167
436 2 2 0 12 20 160 173
437 2 2 0 12 70 69 163
438 2 2 0 12 163 69 173
439 2 2 0 12 71 70 171
440 2 2 0 12 70 163 171
441 2 2 0 12 72 71 161
442 2 2 0 12 161 71 171
443 2 2 0 12 73 72 168
444 2 2 0 12 72 161 168
445 2 2 0 12 74 73 162
446 2 2 0 12 162 73 168
447 2 2 0 12 83 84 160
448 2 2 0 12 84 85 174
449 2 2 0 12 160 84 174
450 2 2 0 12 85 86 164
451 2 2 0 12 85 164 174
452 2 2 0 12 86 87 165
453 2 2 0 12 164 86 165
454 2 2 0 12 87 88 159
455 2 2 0 12 87 159 165
456 2 2 0 12 159 88 167
457 2 2 0 12 165 159 166
458 2 2 0 12 166 159 167
459 2 2 0 12 160 172 173
460 2 2 0 12 172 160 174
461 2 2 0 12 168 161 169
462 2 2 0 12 169 161 170
463 2 2 0 12 170 161 171
464 2 2 0 12 167 162 176
465 2 2 0 12 162 168 176
466 2 2 0 12 171 163 172
467 2 2 0 12 172 163 173
468 2 2 0 12 164 165 175
469 2 2 0 12 164 170 174
470 2 2 0 12 170 164 175
471 2 2 0 12 165 166 175
472 2 2 0 12 166 167 176
473 2 2 0 12 166 169 175
474 2 2 0 12 169 166 176
475 2 2 0 12 168 169 176
476 2 2 0 12 169 170 175
477 2 2 0 12 170 171 172
478 2 2 0 12 170 172 174
479 4 2 0 1 9 170 150 164
480 4 2 0 1 33 5 78 96
481 4 2 0 1 6 96 42 64
482 4 2 0 1 81 7 51 105
483 4 2 0 1 105 67 8 60
484 4 2 0 1 143 174 164 170
485 4 2 0 1 8 105 7 178
486 4 2 0 1 170 175 164 177
487 4 2 0 1 174 164 139 143
488 4 2 0 1 151 153 138 105
489 4 2 0 1 172 170 96 171
490 4 2 0 1 172 170 174 96
491 4 2 0 1 164 150 143 170
492 4 2 0 1 164 150 9 15
493 4 2 0 1 68 67 8 105
494 4 2 0 1 72 113 168 161
495 4 2 0 1 136 142 96 141
496 4 2 0 1 164 123 85 174
497 4 2 0 1 42 142 154 141
498 4 2 0 1 164 15 149 177
499 4 2 0 1 152 145 140 182
500 4 2 0 1 164 77 123 174
501 4 2 0 1 164 139 77 174
502 4 2 0 1 53 52 104 114
503 4 2 0 1 44 124 104 43
504 4 2 0 1 94 26 25 124
505 4 2 0 1 114 35 34 94
506 4 2 0 1 53 106 54 115
507 4 2 0 1 45 106 44 125
508 4 2 0 1 115 36 35 97
509 4 2 0 1 27 26 97 125
510 4 2 0 1 54 107 55 116
511 4 2 0 1 46 126 107 45
512 4 2 0 1 36 116 37 95
513 4 2 0 1 28 27 95 126
514 4 2 0 1 56 55 108 117
515 4 2 0 1 47 127 108 46
516 4 2 0 1 28 98 29 127
517 4 2 0 1 38 37 117 98
518 4 2 0 1 118 109 56 57
519 4 2 0 1 47 128 48 109
520 4 2 0 1 39 99 38 118
521 4 2 0 1 30 128 29 99
522 4 2 0 1 57 119 103 58
523 4 2 0 1 103 48 49 129
524 4 2 0 1 129 30 31 93
525 4 2 0 1 39 40 93 119
526 4 2 0 1 130 50 49 110
527 4 2 0 1 110 58 120 59
528 4 2 0 1 40 41 101 120
529 4 2 0 1 130 31 32 101
530 4 2 0 1 41 42 92 112
531 4 2 0 1 122 32 33 92
532 4 2 0 1 60 102 112 59
533 4 2 0 1 102 50 51 122
534 4 2 0 1 152 140 179 182
535 4 2 0 1 79 144 137 180
536 4 2 0 1 164 9 149 15
537 4 2 0 1 1 121 34 100
538 4 2 0 1 4 100 25 131
539 4 2 0 1 2 52 121 111
540 4 2 0 1 3 131 43 111
541 4 2 0 1 170 143 174 96
542 4 2 0 1 144 145 137 180
543 4 2 0 1 71 171 113 161
544 4 2 0 1 151 137 146 182
545 4 2 0 1 96 170 150 171
546 4 2 0 1 139 174 143 96
547 4 2 0 1 10 131 16 156
548 4 2 0 1 10 131 155 16
549 4 2 0 1 153 105 151 183
550 4 2 0 1 169 175 177 178
551 4 2 0 1 168 169 68 178
552 4 2 0 1 72 113 68 168
553 4 2 0 1 77 85 123 174
554 4 2 0 1 141 96 136 64
555 4 2 0 1 150 164 143 15
556 4 2 0 1 147 152 179 183
557 4 2 0 1 26 94 114 124
558 4 2 0 1 115 36 97 125
559 4 2 0 1 116 37 95 126
560 4 2 0 1 29 98 117 127
561 4 2 0 1 128 99 39 118
562 4 2 0 1 124 104 114 44
563 4 2 0 1 93 31 129 119
564 4 2 0 1 124 114 104 43
565 4 2 0 1 106 54 115 125
566 4 2 0 1 101 32 130 120
567 4 2 0 1 44 106 115 125
568 4 2 0 1 116 107 55 126
569 4 2 0 1 116 54 107 126
570 4 2 0 1 108 56 117 127
571 4 2 0 1 117 55 108 127
572 4 2 0 1 112 102 122 59
573 4 2 0 1 118 128 109 57
574 4 2 0 1 114 94 25 124
575 4 2 0 1 47 128 109 118
576 4 2 0 1 129 49 103 119
577 4 2 0 1 115 97 26 125
578 4 2 0 1 129 103 48 119
579 4 2 0 1 110 120 130 59
580 4 2 0 1 95 36 116 126
581 4 2 0 1 120 130 49 110
582 4 2 0 1 98 37 117 127
583 4 2 0 1 122 32 92 112
584 4 2 0 1 99 128 29 118
585 4 2 0 1 39 93 129 119
586 4 2 0 1 101 130 40 120
587 4 2 0 1 174 5 172 96
588 4 2 0 1 42 96 142 141
589 4 2 0 1 105 177 7 178
590 4 2 0 1 13 19 2 156
591 4 2 0 1 17 11 4 155
592 4 2 0 1 96 6 172 171
593 4 2 0 1 145 144 154 180
594 4 2 0 1 151 138 81 105
595 4 2 0 1 73 72 8 168
596 4 2 0 1 15 139 164 143
597 4 2 0 1 92 179 112 180
598 4 2 0 1 84 85 5 174
599 4 2 0 1 70 171 6 71
600 4 2 0 1 100 4 16 131
601 4 2 0 1 121 1 10 100
602 4 2 0 1 10 2 121 111
603 4 2 0 1 131 3 16 111
604 4 2 0 1 138 149 15 177
605 4 2 0 1 146 145 152 182
606 4 2 0 1 137 180 145 182
607 4 2 0 1 123 15 164 177
608 4 2 0 1 120 32 130 59
609 4 2 0 1 122 32 112 59
610 4 2 0 1 49 129 31 119
611 4 2 0 1 40 130 49 120
612 4 2 0 1 118 39 128 57
613 4 2 0 1 48 119 39 129
614 4 2 0 1 29 117 56 127
615 4 2 0 1 128 47 29 118
616 4 2 0 1 37 116 55 126
617 4 2 0 1 55 117 37 127
618 4 2 0 1 36 115 54 125
619 4 2 0 1 54 116 36 126
620 4 2 0 1 114 26 124 44
621 4 2 0 1 115 26 44 125
622 4 2 0 1 124 25 114 43
623 4 2 0 1 148 147 135 183
624 4 2 0 1 144 78 139 96
625 4 2 0 1 150 143 170 96
626 4 2 0 1 171 6 172 163
627 4 2 0 1 155 10 11 100
628 4 2 0 1 111 19 16 156
629 4 2 0 1 16 155 100 131
630 4 2 0 1 16 131 111 156
631 4 2 0 1 82 86 7 177
632 4 2 0 1 169 168 176 178
633 4 2 0 1 86 82 123 177
634 4 2 0 1 142 144 139 96
635 4 2 0 1 42 60 66 179
636 4 2 0 1 32 101 41 120
637 4 2 0 1 31 93 40 119
638 4 2 0 1 99 30 128 39
639 4 2 0 1 98 117 38 29
640 4 2 0 1 28 95 37 126
641 4 2 0 1 27 97 36 125
642 4 2 0 1 102 50 122 59
643 4 2 0 1 114 35 94 26
644 4 2 0 1 130 50 110 59
645 4 2 0 1 49 103 119 58
646 4 2 0 1 128 48 109 57
647 4 2 0 1 108 56 127 47
648 4 2 0 1 58 120 49 110
649 4 2 0 1 126 107 55 46
650 4 2 0 1 119 103 48 57
651 4 2 0 1 109 56 47 118
652 4 2 0 1 54 106 45 125
653 4 2 0 1 104 53 114 44
654 4 2 0 1 127 55 108 46
655 4 2 0 1 41 92 32 112
656 4 2 0 1 126 54 107 45
657 4 2 0 1 53 106 115 44
658 4 2 0 1 52 104 114 43
659 4 2 0 1 130 31 101 40
660 4 2 0 1 129 30 93 39
661 4 2 0 1 29 38 99 118
662 4 2 0 1 37 98 28 127
663 4 2 0 1 36 95 27 126
664 4 2 0 1 97 35 115 26
665 4 2 0 1 94 34 114 25
666 4 2 0 1 67 68 135 105
667 4 2 0 1 172 5 160 173
668 4 2 0 1 112 60 42 179
669 4 2 0 1 8 72 68 168
670 4 2 0 1 5 85 77 174
671 4 2 0 1 63 6 171 71
672 4 2 0 1 146 137 145 182
673 4 2 0 1 172 5 6 96
674 4 2 0 1 137 151 80 182
675 4 2 0 1 165 164 175 177
676 4 2 0 1 52 131 34 121
677 4 2 0 1 153 151 146 183
678 4 2 0 1 168 68 8 178
679 4 2 0 1 74 61 14 162
680 4 2 0 1 22 12 21 90
681 4 2 0 1 165 175 166 178
682 4 2 0 1 24 23 18 90
683 4 2 0 1 162 8 167 176
684 4 2 0 1 32 122 50 59
685 4 2 0 1 32 41 112 59
686 4 2 0 1 120 41 32 59
687 4 2 0 1 32 50 130 59
688 4 2 0 1 119 40 49 58
689 4 2 0 1 40 49 31 119
690 4 2 0 1 120 49 40 58
691 4 2 0 1 31 130 49 40
692 4 2 0 1 48 128 30 39
693 4 2 0 1 48 128 39 57
694 4 2 0 1 119 48 39 57
695 4 2 0 1 30 129 48 39
696 4 2 0 1 38 117 56 29
697 4 2 0 1 56 29 127 47
698 4 2 0 1 29 56 118 47
699 4 2 0 1 56 29 118 38
700 4 2 0 1 55 28 126 46
701 4 2 0 1 28 37 55 126
702 4 2 0 1 28 55 127 46
703 4 2 0 1 28 55 37 127
704 4 2 0 1 45 36 54 125
705 4 2 0 1 45 27 36 125
706 4 2 0 1 126 36 54 45
707 4 2 0 1 126 27 36 45
708 4 2 0 1 26 114 53 44
709 4 2 0 1 35 114 53 26
710 4 2 0 1 26 53 115 44
711 4 2 0 1 35 53 115 26
712 4 2 0 1 25 34 114 43
713 4 2 0 1 34 52 114 43
714 4 2 0 1 131 121 52 111
715 4 2 0 1 121 34 100 131
716 4 2 0 1 68 105 8 178
717 4 2 0 1 167 166 7 159
718 4 2 0 1 92 179 180 181
719 4 2 0 1 83 76 20 160
720 4 2 0 1 145 180 140 182
721 4 2 0 1 173 172 6 163
722 4 2 0 1 42 96 141 64
723 4 2 0 1 176 166 169 178
724 4 2 0 1 152 182 179 183
725 4 2 0 1 112 102 60 179
726 4 2 0 1 140 180 179 182
727 4 2 0 1 154 140 145 180
728 4 2 0 1 132 160 5 173
729 4 2 0 1 151 182 146 183
730 4 2 0 1 148 135 105 183
731 4 2 0 1 76 75 20 134
732 4 2 0 1 169 166 175 178
733 4 2 0 1 61 62 14 134
734 4 2 0 1 165 177 175 178
735 4 2 0 1 60 179 102 183
736 4 2 0 1 51 102 179 183
737 4 2 0 1 5 160 174 172
738 4 2 0 1 34 25 131 43
739 4 2 0 1 131 52 34 43
740 4 2 0 1 144 33 78 96
741 4 2 0 1 42 112 179 180
742 4 2 0 1 160 76 20 132
743 4 2 0 1 61 133 14 162
744 4 2 0 1 8 167 133 162
745 4 2 0 1 75 20 133 88
746 4 2 0 1 42 92 112 180
747 4 2 0 1 43 131 52 111
748 4 2 0 1 25 100 34 131
749 4 2 0 1 167 7 8 133
750 4 2 0 1 149 138 105 177
751 4 2 0 1 20 167 133 88
752 4 2 0 1 149 135 68 105
753 4 2 0 1 69 173 14 62
754 4 2 0 1 86 164 165 177
755 4 2 0 1 61 14 133 134
756 4 2 0 1 75 133 20 134
757 4 2 0 1 132 76 20 134
758 4 2 0 1 7 177 165 178
759 4 2 0 1 168 8 176 178
760 4 2 0 1 147 148 152 183
761 4 2 0 1 6 173 163 69
762 4 2 0 1 79 33 144 180
763 4 2 0 1 146 148 153 183
764 4 2 0 1 152 148 146 183
765 4 2 0 1 148 105 153 183
766 4 2 0 1 16 3 19 111
767 4 2 0 1 1 11 10 100
768 4 2 0 1 123 164 86 177
769 4 2 0 1 5 76 160 132
770 4 2 0 1 61 8 133 162
771 4 2 0 1 68 149 105 178
772 4 2 0 1 8 61 74 162
773 4 2 0 1 92 42 33 180
774 4 2 0 1 51 179 102 181
775 4 2 0 1 51 60 102 183
776 4 2 0 1 5 76 83 160
777 4 2 0 1 149 148 135 105
778 4 2 0 1 163 171 6 70
779 4 2 0 1 92 180 33 181
780 4 2 0 1 75 133 7 88
781 4 2 0 1 149 177 105 178
782 4 2 0 1 92 33 122 181
783 4 2 0 1 122 51 102 181
784 4 2 0 1 179 182 51 183
785 4 2 0 1 152 146 182 183
786 4 2 0 1 142 139 143 96
787 4 2 0 1 168 8 162 176
788 4 2 0 1 153 148 149 105
789 4 2 0 1 51 80 151 182
790 4 2 0 1 165 87 7 159
791 4 2 0 1 179 181 51 182
792 4 2 0 1 78 79 33 144
793 4 2 0 1 96 143 142 136
794 4 2 0 1 64 141 42 65
795 4 2 0 1 160 84 5 174
796 4 2 0 1 113 72 71 161
797 4 2 0 1 180 181 179 182
798 4 2 0 1 15 82 138 177
799 4 2 0 1 149 138 153 105
800 4 2 0 1 86 123 85 164
801 4 2 0 1 151 51 182 183
802 4 2 0 1 51 81 151 80
803 4 2 0 1 66 67 147 60
804 4 2 0 1 162 73 8 168
805 4 2 0 1 22 2 13 91
806 4 2 0 1 89 17 4 23
807 4 2 0 1 96 150 143 136
808 4 2 0 1 21 11 1 89
809 4 2 0 1 24 19 3 91
810 4 2 0 1 15 123 82 177
811 4 2 0 1 69 163 6 70
812 4 2 0 1 87 88 7 159
813 4 2 0 1 80 51 181 182
814 4 2 0 1 83 84 5 160
815 4 2 0 1 74 73 8 162
816 4 2 0 1 170 169 175 177
817 4 2 0 1 33 80 51 181
818 4 2 0 1 122 33 51 181
819 4 2 0 1 51 105 60 183
820 4 2 0 1 176 166 8 167
821 4 2 0 1 176 8 166 178
822 4 2 0 1 7 8 166 167
823 4 2 0 1 7 166 8 178
824 4 2 0 1 140 147 179 66
825 4 2 0 1 179 147 140 152
826 4 2 0 1 168 68 161 113
827 4 2 0 1 168 161 68 169
828 4 2 0 1 7 177 138 82
829 4 2 0 1 138 177 7 105
830 4 2 0 1 138 81 7 82
831 4 2 0 1 7 81 138 105
832 4 2 0 1 174 5 139 77
833 4 2 0 1 174 139 5 96
834 4 2 0 1 78 139 5 77
835 4 2 0 1 78 5 139 96
836 4 2 0 1 6 64 136 96
837 4 2 0 1 136 64 6 63
838 4 2 0 1 6 136 150 96
839 4 2 0 1 150 136 6 63
840 4 2 0 1 6 150 171 96
841 4 2 0 1 171 150 6 63
842 4 2 0 1 77 164 15 139
843 4 2 0 1 15 164 77 123
844 4 2 0 1 144 33 42 180
845 4 2 0 1 144 154 42 142
846 4 2 0 1 42 154 144 180
847 4 2 0 1 144 96 42 33
848 4 2 0 1 42 96 144 142
849 4 2 0 1 131 10 111 156
850 4 2 0 1 131 111 10 121
851 4 2 0 1 10 131 100 155
852 4 2 0 1 10 100 131 121
853 4 2 0 1 6 173 5 172
854 4 2 0 1 5 173 6 132
855 4 2 0 1 171 113 63 71
856 4 2 0 1 68 9 161 113
857 4 2 0 1 86 7 165 87
858 4 2 0 1 86 165 7 177
859 4 2 0 1 167 88 7 133
860 4 2 0 1 7 88 167 159
861 4 2 0 1 14 133 167 162
862 4 2 0 1 135 105 60 67
863 4 2 0 1 60 105 135 183
864 4 2 0 1 60 147 135 67
865 4 2 0 1 135 147 60 183
866 4 2 0 1 20 132 173 160
867 4 2 0 1 105 151 51 81
868 4 2 0 1 105 51 151 183
869 4 2 0 1 19 2 111 3
870 4 2 0 1 19 111 2 156
871 4 2 0 1 4 11 89 1
872 4 2 0 1 11 4 100 1
873 4 2 0 1 11 100 4 155
874 4 2 0 1 19 91 2 3
875 4 2 0 1 171 161 63 113
876 4 2 0 1 9 63 161 113
877 4 2 0 1 179 147 60 66
878 4 2 0 1 179 60 147 183
879 4 2 0 1 173 62 6 132
880 4 2 0 1 6 62 173 69
881 4 2 0 1 181 92 112 122
882 4 2 0 1 112 92 181 179
883 4 2 0 1 112 102 181 122
884 4 2 0 1 181 102 112 179
885 4 2 0 1 7 166 165 159
886 4 2 0 1 165 166 7 178
887 4 2 0 1 10 2 156 13
888 4 2 0 1 10 156 2 111
889 4 2 0 1 16 4 155 17
890 4 2 0 1 16 155 4 100
891 4 2 0 1 89 18 23 90
892 4 2 0 1 21 12 89 90
893 4 2 0 1 12 18 89 90
894 4 2 0 1 12 89 18 157
895 4 2 0 1 164 9 177 149
896 4 2 0 1 164 177 9 170
897 4 2 0 1 171 170 63 161
898 4 2 0 1 171 63 170 150
899 4 2 0 1 9 63 170 161
900 4 2 0 1 9 170 63 150
901 4 2 0 1 91 24 18 90
902 4 2 0 1 22 91 12 90
903 4 2 0 1 12 18 91 158
904 4 2 0 1 12 91 18 90
905 4 2 0 1 20 14 132 134
906 4 2 0 1 20 132 14 173
907 4 2 0 1 62 132 14 134
908 4 2 0 1 62 14 132 173
909 4 2 0 1 20 14 133 167
910 4 2 0 1 20 133 14 134
911 4 2 0 1 11 17 89 157
912 4 2 0 1 11 89 17 4
913 4 2 0 1 19 13 91 158
914 4 2 0 1 19 91 13 2
915 4 2 0 1 80 137 180 79
916 4 2 0 1 180 33 80 79
917 4 2 0 1 80 33 180 181
918 4 2 0 1 141 140 42 65
919 4 2 0 1 66 42 140 65
920 4 2 0 1 89 18 17 23
921 4 2 0 1 17 18 89 157
922 4 2 0 1 12 89 11 21
923 4 2 0 1 12 11 89 157
924 4 2 0 1 169 68 9 161
925 4 2 0 1 18 91 19 24
926 4 2 0 1 19 91 18 158
927 4 2 0 1 91 12 13 22
928 4 2 0 1 91 13 12 158
929 4 2 0 1 140 179 42 66
930 4 2 0 1 140 42 179 180
931 4 2 0 1 42 154 140 141
932 4 2 0 1 140 154 42 180
933 4 2 0 1 180 80 182 137
934 4 2 0 1 182 80 180 181
935 4 2 0 1 9 169 170 177
936 4 2 0 1 170 169 9 161
937 4 2 0 1 9 177 68 169
938 4 2 0 1 9 68 177 149
939 4 2 0 1 178 68 177 169
940 4 2 0 1 178 177 68 149
$EndElements
